# Transformation matrices for sensor C (C2 relative to C1)
# Number of matrices: 54
MATRICES 54
MATRIX 0
0.999999538879 0.000000130618 0.000960333721 -0.013599526639
-0.000000833262 0.999999732332 0.000731666051 -0.013603714281
-0.000960333368 -0.000731666514 0.999999271212 -0.070791778528
0.000000000000 0.000000000000 0.000000000000 1.000000000000

MATRIX 1
0.999998676792 -0.000001034091 0.001626780140 -0.013180797874
-0.000002025819 0.999998230994 0.001880958295 -0.013401901145
-0.001626779207 -0.001880959101 0.999996907786 -0.014715119365
0.000000000000 0.000000000000 0.000000000000 1.000000000000

MATRIX 2
0.999997372683 -0.000002953145 0.002292295387 -0.012766699213
-0.000003994231 0.999995407287 0.003030740635 -0.013208077048
-0.002292293809 -0.003030741828 0.999992779970 0.041363837277
0.000000000000 0.000000000000 0.000000000000 1.000000000000

MATRIX 3
0.999999897381 -0.000000312046 -0.000453030957 -0.013794643880
0.000000545694 0.999999867003 0.000515745002 -0.000006841112
0.000453030736 -0.000515745197 0.999999764385 -0.065408270354
0.000000000000 0.000000000000 0.000000000000 1.000000000000

MATRIX 4
0.999999976821 -0.000000617367 0.000215309578 -0.013371472350
0.000000259063 0.999998615334 0.001664130659 0.000194904239
-0.000215310307 -0.001664130565 0.999998592154 -0.009330427341
0.000000000000 0.000000000000 0.000000000000 1.000000000000

MATRIX 5
0.999999610407 -0.000001677310 0.000882713118 -0.012952944251
-0.000000805781 0.999996043470 0.002813013357 0.000388667603
-0.000882714344 -0.002813012972 0.999995653877 0.046749709938
0.000000000000 0.000000000000 0.000000000000 1.000000000000

MATRIX 6
0.999998258810 -0.000000198440 -0.001866112697 -0.013987746113
0.000000757049 0.999999955197 0.000299343145 0.013590334781
0.001866112554 -0.000299344037 0.999998214007 -0.060025325832
0.000000000000 0.000000000000 0.000000000000 1.000000000000

MATRIX 7
0.999999284931 0.000000352365 -0.001195883552 -0.013560137630
0.000001377865 0.999998953354 0.001446819973 0.013792015515
0.001195882810 -0.001446820586 0.999998238286 -0.003946298234
0.000000000000 0.000000000000 0.000000000000 1.000000000000

MATRIX 8
0.999999861348 0.000000148298 -0.000526597108 -0.013137185888
0.000001218117 0.999996633498 0.002594800938 0.013985721273
0.000526595720 -0.002594801220 0.999996494846 0.052135020374
0.000000000000 0.000000000000 0.000000000000 1.000000000000

MATRIX 9
0.999999725983 0.000000750993 0.000740293084 -0.000229900259
-0.000000062747 0.999999567835 -0.000929692913 -0.013804416520
-0.000740293462 0.000929692612 0.999999293818 -0.061454829160
0.000000000000 0.000000000000 0.000000000000 1.000000000000

MATRIX 10
0.999999004519 0.000000275921 0.001411014356 0.000188769911
-0.000000582709 0.999999976363 0.000217423108 -0.013598254827
-0.001411014263 -0.000217423714 0.999998980882 -0.005377906623
0.000000000000 0.000000000000 0.000000000000 1.000000000000

MATRIX 11
0.999997835088 -0.000000960209 0.002080821774 0.000602781245
-0.000001880168 0.999999068352 0.001365024362 -0.013400069141
-0.002080821146 -0.001365025319 0.999996903440 0.050701304824
0.000000000000 0.000000000000 0.000000000000 1.000000000000

MATRIX 12
0.999999773798 -0.000000381445 -0.000672610174 -0.000423103081
-0.000000389504 0.999999343107 -0.001146205004 -0.000206094149
0.000672610169 0.001146205007 0.999999116904 -0.056078104478
0.000000000000 0.000000000000 0.000000000000 1.000000000000

MATRIX 13
1.000000000000 0.000000000000 0.000000000000 0.000000000000
0.000000000000 1.000000000000 0.000000000000 0.000000000000
0.000000000000 0.000000000000 1.000000000000 0.000000000000
0.000000000000 0.000000000000 0.000000000000 1.000000000000

MATRIX 14
0.999999774416 -0.000000379878 0.000671690625 0.000418430967
-0.000000390348 0.999999342542 0.001146697249 0.000198125176
-0.000671690619 -0.001146697252 0.999999116958 0.056080390022
0.000000000000 0.000000000000 0.000000000000 1.000000000000

MATRIX 15
0.999997825915 -0.000000959408 -0.002085225213 -0.000614284458
-0.000001883156 0.999999070854 -0.001363190304 0.013392536044
0.002085224584 0.001363191267 0.999996896769 -0.050701942077
0.000000000000 0.000000000000 0.000000000000 1.000000000000

MATRIX 16
0.999999004918 0.000000275288 -0.001410731589 -0.000186754287
-0.000000582685 0.999999976260 -0.000217898501 0.013598565785
0.001410731495 0.000217899106 0.999998981178 0.005377344989
0.000000000000 0.000000000000 0.000000000000 1.000000000000

MATRIX 17
0.999999728295 0.000000748424 -0.000737163204 0.000236090534
-0.000000064415 0.999999569508 0.000927892548 0.013796633578
0.000737163581 -0.000927892249 0.999999297803 0.061458914246
0.000000000000 0.000000000000 0.000000000000 1.000000000000

MATRIX 18
0.999999864506 0.000000135438 0.000520565865 0.013140270409
0.000001213726 0.999996641473 -0.002591725376 -0.014000998878
-0.000520564468 0.002591725656 0.999996505979 -0.052118293240
0.000000000000 0.000000000000 0.000000000000 1.000000000000

MATRIX 19
0.999999285319 0.000000352416 0.001195558793 0.013558870505
0.000001377317 0.999998953387 -0.001446797495 -0.013790482310
-0.001195558051 0.001446798108 0.999998238707 0.003958916395
0.000000000000 0.000000000000 0.000000000000 1.000000000000

MATRIX 20
0.999998252193 -0.000000198337 0.001869655293 0.013972783036
0.000000761833 0.999999954582 -0.000301389248 -0.013587928650
-0.001869655149 0.000301390146 0.999998206775 0.060038406398
0.000000000000 0.000000000000 0.000000000000 1.000000000000

MATRIX 21
0.999999602284 -0.000001688098 -0.000891868607 0.012948984590
-0.000000817005 0.999996055263 -0.002808817801 -0.000401211690
0.000891869830 0.002808817413 0.999995657547 -0.046748347794
0.000000000000 0.000000000000 0.000000000000 1.000000000000

MATRIX 22
0.999999976889 -0.000000617488 -0.000214991946 0.013372007721
0.000000259568 0.999998614210 -0.001664805406 -0.000190762462
0.000214992676 0.001664805312 0.999998591100 0.009330041730
0.000000000000 0.000000000000 0.000000000000 1.000000000000

MATRIX 23
0.999999893747 -0.000000314860 0.000460982674 0.013790330048
0.000000554712 0.999999864641 -0.000520305605 0.000011730904
-0.000460982448 0.000520305805 0.999999758388 0.065410708161
0.000000000000 0.000000000000 0.000000000000 1.000000000000

MATRIX 24
0.999997345762 -0.000002958931 -0.002304009516 0.012759726649
-0.000004013892 0.999995420506 -0.003026375813 0.013198888357
0.002304007920 0.003026377028 0.999992766269 -0.041378963200
0.000000000000 0.000000000000 0.000000000000 1.000000000000

MATRIX 25
0.999998679272 -0.000001037959 -0.001625254564 0.013187166962
-0.000002022856 0.999998226623 -0.001883281022 0.013409273382
0.001625253637 0.001883281823 0.999996905895 0.014700606803
0.000000000000 0.000000000000 0.000000000000 1.000000000000

MATRIX 26
0.999975751101 0.000022469056 -0.006963957526 -0.005027942470
0.000017383257 0.999983625984 0.005722539739 0.036155958548
0.006963972078 -0.005722522030 0.999959377092 0.049552141173
0.000000000000 0.000000000000 0.000000000000 1.000000000000

MATRIX 27
0.999978099957 0.000015845459 -0.006618108121 -0.013856163217
0.000029183841 0.999976853448 0.006803801574 0.014266420359
0.006618062744 -0.006803845712 0.999954953450 -0.021220790790
0.000000000000 0.000000000000 0.000000000000 1.000000000000

MATRIX 28
0.999973872904 0.000018705254 -0.007228634670 -0.009043172068
0.000033007585 0.999974411402 0.007153701949 0.005952403883
0.007228583511 -0.007153753644 0.999948284357 -0.021212258374
0.000000000000 0.000000000000 0.000000000000 1.000000000000

MATRIX 29
0.999980664502 0.000003074730 -0.006218570005 -0.005115831369
-0.000006809837 0.999999819607 -0.000600616607 0.022222600006
0.006218567037 0.000600647341 0.999980484133 0.029075851639
0.000000000000 0.000000000000 0.000000000000 1.000000000000

MATRIX 30
0.999976682972 0.000004712885 -0.006828871814 -0.000300934126
-0.000006497136 0.999999965851 -0.000261258409 0.013907515679
0.006828870349 0.000261296685 0.999976648854 0.029083816841
0.000000000000 0.000000000000 0.000000000000 1.000000000000

MATRIX 31
0.999972335838 0.000006563462 -0.007438246791 0.004513965531
-0.000005976742 0.999999996869 0.000078901039 0.005592429052
0.007438247285 -0.000078854400 0.999972332747 0.029091345362
0.000000000000 0.000000000000 0.000000000000 1.000000000000

MATRIX 32
0.999979447207 -0.000019946760 -0.006411299800 0.008438729052
-0.000029208007 0.999970609915 -0.007666710680 0.021908927330
0.006411264298 0.007666740369 0.999950057144 0.079409791335
0.000000000000 0.000000000000 0.000000000000 1.000000000000

MATRIX 33
0.999975356297 -0.000019342238 -0.007020429096 0.013255521706
-0.000032168995 0.999973082259 -0.007337146791 0.013592853633
0.007020382039 0.007337191817 0.999948438597 0.079416786072
0.000000000000 0.000000000000 0.000000000000 1.000000000000

MATRIX 34
0.999970901370 -0.000018525732 -0.007628634810 0.018072315233
-0.000034928087 0.999975451438 -0.007006803934 0.005276776871
0.007628577345 0.007006866499 0.999946352876 0.079423354075
0.000000000000 0.000000000000 0.000000000000 1.000000000000

MATRIX 35
0.999999647641 -0.000007382244 0.000839441932 -0.018345447680
0.000001748474 0.999977480108 0.006711130643 0.008685267977
-0.000839472571 -0.006711126810 0.999977127770 -0.050382557881
0.000000000000 0.000000000000 0.000000000000 1.000000000000

MATRIX 36
0.999999975213 -0.000006495346 0.000222558939 -0.013533540473
0.000004923570 0.999975066831 0.007061564457 0.000371852281
-0.000222599257 -0.007061563187 0.999975042076 -0.050375898365
0.000000000000 0.000000000000 0.000000000000 1.000000000000

MATRIX 37
0.999999922610 -0.000005394570 -0.000393384929 -0.008721628174
0.000008310517 0.999972524581 0.007412827609 -0.007941564509
0.000393334132 -0.007412830304 0.999972447238 -0.050369692474
0.000000000000 0.000000000000 0.000000000000 1.000000000000

MATRIX 38
0.999999810430 0.000000106824 0.000615743137 -0.004813814818
0.000000102967 0.999999941958 -0.000340711822 0.008314487155
-0.000615743138 0.000340711820 0.999999752388 -0.000005673852
0.000000000000 0.000000000000 0.000000000000 1.000000000000

MATRIX 39
1.000000000000 0.000000000000 0.000000000000 0.000000000000
0.000000000000 1.000000000000 0.000000000000 0.000000000000
0.000000000000 0.000000000000 1.000000000000 0.000000000000
0.000000000000 0.000000000000 0.000000000000 1.000000000000

MATRIX 40
0.999999811006 0.000000106783 -0.000614807255 0.004813818385
0.000000103186 0.999999941682 0.000341519534 -0.008314489133
0.000614807256 -0.000341519533 0.999999752688 0.000005230279
0.000000000000 0.000000000000 0.000000000000 1.000000000000

MATRIX 41
0.999999915584 -0.000005305090 0.000410857086 0.008719148350
0.000008346755 0.999972593156 -0.007403571190 0.007987253282
-0.000410806549 0.007403573995 0.999972508787 0.050399419521
0.000000000000 0.000000000000 0.000000000000 1.000000000000

MATRIX 42
0.999999979227 -0.000006430451 -0.000203728870 0.013534856360
0.000004989386 0.999974988437 -0.007072656944 -0.000328226575
0.000203769254 0.007072655781 0.999974967696 0.050404151295
0.000000000000 0.000000000000 0.000000000000 1.000000000000

MATRIX 43
0.999999665916 -0.000007342576 -0.000817382213 0.018350566395
0.000001832471 0.999977279489 -0.006740957059 -0.008643709114
0.000817413138 0.006740953309 0.999976945426 0.050408449689
0.000000000000 0.000000000000 0.000000000000 1.000000000000

MATRIX 44
0.999970425185 -0.000018443296 0.007690800674 -0.017997952483
-0.000035109213 0.999975757424 0.006962997261 -0.005208964012
-0.007690742649 -0.006963061349 0.999946182679 -0.079509780128
0.000000000000 0.000000000000 0.000000000000 1.000000000000

MATRIX 45
0.999975017296 -0.000019332641 0.007068550731 -0.013187172600
-0.000032373596 0.999973246097 0.007314782507 -0.013521772590
-0.007068503034 -0.007314828598 0.999948263435 -0.079505463041
0.000000000000 0.000000000000 0.000000000000 1.000000000000

MATRIX 46
0.999979216077 -0.000020007018 0.006447248493 -0.008376386472
-0.000029427836 0.999970604597 0.007667403403 -0.021834581973
-0.006447212375 -0.007667433772 0.999949820697 -0.079501606840
0.000000000000 0.000000000000 0.000000000000 1.000000000000

MATRIX 47
0.999972207249 0.000006607589 0.007455513831 -0.004487638438
-0.000005974154 0.999999996371 -0.000084984239 -0.005592718748
-0.007455514366 0.000084937336 0.999972203659 -0.029061543317
0.000000000000 0.000000000000 0.000000000000 1.000000000000

MATRIX 48
0.999976645283 0.000004739733 0.006834388440 0.000325046283
-0.000006496844 0.999999966935 0.000257076247 -0.013906600955
-0.006834386996 -0.000257114645 0.999976612250 -0.029058183930
0.000000000000 0.000000000000 0.000000000000 1.000000000000

MATRIX 49
0.999980691620 0.000003086640 0.006214207666 0.005137735787
-0.000006814990 0.999999820006 0.000599950856 -0.022220484799
-0.006214204696 -0.000599981622 0.999980511651 -0.029055275086
0.000000000000 0.000000000000 0.000000000000 1.000000000000

MATRIX 50
0.999973800370 0.000018757636 0.007238661607 0.009024091466
0.000032958497 0.999974478994 -0.007144247601 -0.005933544934
-0.007238610879 0.007144299000 0.999948279415 0.021414796414
0.000000000000 0.000000000000 0.000000000000 1.000000000000

MATRIX 51
0.999978096187 0.000015886395 0.006618677645 0.013838666717
0.000029200965 0.999976797714 -0.006811987977 -0.014248423086
-0.006618632294 0.006812032040 0.999954893946 0.021417241900
0.000000000000 0.000000000000 0.000000000000 1.000000000000

MATRIX 52
0.999982001940 0.000013229614 0.005999635068 0.018653245262
0.000025642378 0.999979011144 -0.006478936217 -0.022563303537
-0.005999594857 0.006478973454 0.999961013122 0.021419247197
0.000000000000 0.000000000000 0.000000000000 1.000000000000

MATRIX 53
1.000000000000 0.000000000000 0.000000000000 0.000000000000
0.000000000000 1.000000000000 0.000000000000 0.000000000000
0.000000000000 0.000000000000 1.000000000000 0.000000000000
0.000000000000 0.000000000000 0.000000000000 1.000000000000

