# Transformation matrices for sensor B (B2 relative to B1)
# Number of matrices: 54
MATRICES 54
MATRIX 0
1.000000000000 0.000000000000 -0.000000748847 -0.000013240038
-0.000000000001 0.999999999998 -0.000001855722 -0.000014033140
0.000000748847 0.000001855722 0.999999999998 -0.000052168132
0.000000000000 0.000000000000 0.000000000000 1.000000000000

MATRIX 1
1.000000000000 0.000000000000 -0.000000065933 -0.000013565808
-0.000000000000 1.000000000000 -0.000000723952 -0.000013804909
0.000000065933 0.000000723952 1.000000000000 0.000003936422
0.000000000000 0.000000000000 0.000000000000 1.000000000000

MATRIX 2
1.000000000000 -0.000000000000 0.000000616975 -0.000013891582
0.000000000000 1.000000000000 0.000000407822 -0.000013576687
-0.000000616975 -0.000000407822 1.000000000000 0.000060040976
0.000000000000 0.000000000000 0.000000000000 1.000000000000

MATRIX 3
0.999999999999 -0.000000000001 -0.000001357433 -0.000013047463
-0.000000000002 0.999999999997 -0.000002529665 -0.000000411040
0.000001357433 0.000002529665 0.999999999996 -0.000046777930
0.000000000000 0.000000000000 0.000000000000 1.000000000000

MATRIX 4
1.000000000000 -0.000000000000 -0.000000674517 -0.000013373231
-0.000000000001 0.999999999999 -0.000001397896 -0.000000182808
0.000000674517 0.000001397896 0.999999999999 0.000009326627
0.000000000000 0.000000000000 0.000000000000 1.000000000000

MATRIX 5
1.000000000000 -0.000000000000 0.000000008393 -0.000013699004
0.000000000000 1.000000000000 -0.000000266124 0.000000045416
-0.000000008393 0.000000266124 1.000000000000 0.000065431184
0.000000000000 0.000000000000 0.000000000000 1.000000000000

MATRIX 6
0.999999999998 -0.000000000003 -0.000001966019 -0.000012854887
-0.000000000003 0.999999999995 -0.000003203608 0.000013211061
0.000001966019 0.000003203608 0.999999999993 -0.000041387731
0.000000000000 0.000000000000 0.000000000000 1.000000000000

MATRIX 7
0.999999999999 -0.000000000002 -0.000001283100 -0.000013180653
-0.000000000001 0.999999999998 -0.000002071841 0.000013439294
0.000001283100 0.000002071841 0.999999999997 0.000014716829
0.000000000000 0.000000000000 0.000000000000 1.000000000000

MATRIX 8
1.000000000000 -0.000000000000 -0.000000600189 -0.000013506424
-0.000000000000 1.000000000000 -0.000000940069 0.000013667520
0.000000600189 0.000000940069 0.999999999999 0.000070821389
0.000000000000 0.000000000000 0.000000000000 1.000000000000

MATRIX 9
1.000000000000 0.000000000000 -0.000000074327 0.000000133195
-0.000000000000 1.000000000000 -0.000000457828 -0.000013850326
0.000000074327 0.000000457828 1.000000000000 -0.000061494763
0.000000000000 0.000000000000 0.000000000000 1.000000000000

MATRIX 10
1.000000000000 -0.000000000000 0.000000608584 -0.000000192576
-0.000000000000 1.000000000000 0.000000673945 -0.000013622100
-0.000000608584 -0.000000673945 1.000000000000 -0.000005390207
0.000000000000 0.000000000000 0.000000000000 1.000000000000

MATRIX 11
0.999999999999 -0.000000000002 0.000001291487 -0.000000518352
-0.000000000001 0.999999999998 0.000001805721 -0.000013393881
-0.000001291487 -0.000001805721 0.999999999998 0.000050714349
0.000000000000 0.000000000000 0.000000000000 1.000000000000

MATRIX 12
1.000000000000 -0.000000000000 -0.000000682913 0.000000325770
-0.000000000000 0.999999999999 -0.000001131771 -0.000000228228
0.000000682913 0.000001131771 0.999999999999 -0.000056104559
0.000000000000 0.000000000000 0.000000000000 1.000000000000

MATRIX 13
1.000000000000 0.000000000000 0.000000000000 0.000000000000
0.000000000000 1.000000000000 0.000000000000 0.000000000000
0.000000000000 0.000000000000 1.000000000000 0.000000000000
0.000000000000 0.000000000000 0.000000000000 1.000000000000

MATRIX 14
1.000000000000 -0.000000000000 0.000000682906 -0.000000325774
-0.000000000000 0.999999999999 0.000001131775 0.000000228220
-0.000000682906 -0.000001131775 0.999999999999 0.000056104559
0.000000000000 0.000000000000 0.000000000000 1.000000000000

MATRIX 15
0.999999999999 -0.000000000002 -0.000001291498 0.000000518344
-0.000000000001 0.999999999998 -0.000001805714 0.000013393871
0.000001291498 0.000001805714 0.999999999998 -0.000050714358
0.000000000000 0.000000000000 0.000000000000 1.000000000000

MATRIX 16
1.000000000000 -0.000000000000 -0.000000608584 0.000000192577
-0.000000000000 1.000000000000 -0.000000673945 0.000013622101
0.000000608584 0.000000673945 1.000000000000 0.000005390204
0.000000000000 0.000000000000 0.000000000000 1.000000000000

MATRIX 17
1.000000000000 0.000000000000 0.000000074324 -0.000000133196
-0.000000000000 1.000000000000 0.000000457829 0.000013850323
-0.000000074324 -0.000000457829 1.000000000000 0.000061494765
0.000000000000 0.000000000000 0.000000000000 1.000000000000

MATRIX 18
1.000000000000 -0.000000000000 0.000000600193 0.000013506431
-0.000000000000 1.000000000000 0.000000940067 -0.000013667510
-0.000000600193 -0.000000940067 0.999999999999 -0.000070821390
0.000000000000 0.000000000000 0.000000000000 1.000000000000

MATRIX 19
0.999999999999 -0.000000000002 0.000001283100 0.000013180658
-0.000000000001 0.999999999998 0.000002071841 -0.000013439286
-0.000001283100 -0.000002071841 0.999999999997 -0.000014716833
0.000000000000 0.000000000000 0.000000000000 1.000000000000

MATRIX 20
0.999999999998 -0.000000000003 0.000001966000 0.000012854881
-0.000000000003 0.999999999995 0.000003203619 -0.000013211071
-0.000001966000 -0.000003203619 0.999999999993 0.000041387725
0.000000000000 0.000000000000 0.000000000000 1.000000000000

MATRIX 21
1.000000000000 -0.000000000000 -0.000000008393 0.000013699004
0.000000000000 1.000000000000 0.000000266123 -0.000000045413
0.000000008393 -0.000000266123 1.000000000000 -0.000065431184
0.000000000000 0.000000000000 0.000000000000 1.000000000000

MATRIX 22
1.000000000000 -0.000000000000 0.000000674516 0.000013373233
-0.000000000001 0.999999999999 0.000001397896 0.000000182811
-0.000000674516 -0.000001397896 0.999999999999 -0.000009326624
0.000000000000 0.000000000000 0.000000000000 1.000000000000

MATRIX 23
0.999999999999 -0.000000000001 0.000001357419 0.000013047457
-0.000000000002 0.999999999997 0.000002529673 0.000000411029
-0.000001357419 -0.000002529673 0.999999999996 0.000046777937
0.000000000000 0.000000000000 0.000000000000 1.000000000000

MATRIX 24
1.000000000000 -0.000000000000 -0.000000616978 0.000013891577
0.000000000000 1.000000000000 -0.000000407820 0.000013576684
0.000000616978 0.000000407820 1.000000000000 -0.000060040981
0.000000000000 0.000000000000 0.000000000000 1.000000000000

MATRIX 25
1.000000000000 0.000000000000 0.000000065933 0.000013565808
-0.000000000000 1.000000000000 0.000000723952 0.000013804910
-0.000000065933 -0.000000723952 1.000000000000 -0.000003936418
0.000000000000 0.000000000000 0.000000000000 1.000000000000

MATRIX 26
0.999999999988 -0.000000000022 -0.000004904194 -0.000004740671
-0.000000000009 0.999999999980 -0.000006260667 0.000019292798
0.000004904194 0.000006260667 0.999999999968 0.000131668574
0.000000000000 0.000000000000 0.000000000000 1.000000000000

MATRIX 27
0.999999999985 -0.000000000026 -0.000005463193 -0.000013169776
-0.000000000019 0.999999999966 -0.000008228079 0.000013614325
0.000005463193 0.000008228079 0.999999999951 0.000079518723
0.000000000000 0.000000000000 0.000000000000 1.000000000000

MATRIX 28
0.999999999986 -0.000000000025 -0.000005273336 -0.000008358834
-0.000000000019 0.999999999965 -0.000008339773 0.000021968996
0.000005273336 0.000008339773 0.999999999951 0.000079536991
0.000000000000 0.000000000000 0.000000000000 1.000000000000

MATRIX 29
0.999999999995 -0.000000000007 -0.000003298380 -0.000004444745
-0.000000000000 0.999999999998 -0.000002225597 0.000005576181
0.000003298380 0.000002225597 0.999999999992 0.000029067355
0.000000000000 0.000000000000 0.000000000000 1.000000000000

MATRIX 30
0.999999999995 -0.000000000007 -0.000003108526 0.000000366197
-0.000000000000 0.999999999997 -0.000002337302 0.000013930851
0.000003108526 0.000002337302 0.999999999992 0.000029085627
0.000000000000 0.000000000000 0.000000000000 1.000000000000

MATRIX 31
0.999999999996 -0.000000000007 -0.000002918674 0.000005177140
-0.000000000001 0.999999999997 -0.000002449006 0.000022285522
0.000002918674 0.000002449006 0.999999999993 0.000029103898
0.000000000000 0.000000000000 0.000000000000 1.000000000000

MATRIX 32
1.000000000000 0.000000000006 -0.000000943681 0.000009091242
-0.000000000003 0.999999999993 0.000003665173 0.000005892743
0.000000943681 -0.000003665173 0.999999999993 -0.000021365701
0.000000000000 0.000000000000 0.000000000000 1.000000000000

MATRIX 33
1.000000000000 0.000000000005 -0.000000753832 0.000013902185
-0.000000000003 0.999999999994 0.000003553458 0.000014247413
0.000000753832 -0.000003553458 0.999999999993 -0.000021347427
0.000000000000 0.000000000000 0.000000000000 1.000000000000

MATRIX 34
1.000000000000 0.000000000005 -0.000000563983 0.000018713129
-0.000000000003 0.999999999994 0.000003441744 0.000022602083
0.000000563983 -0.000003441744 0.999999999994 -0.000021329153
0.000000000000 0.000000000000 0.000000000000 1.000000000000

MATRIX 35
0.999999999997 -0.000000000005 -0.000002544535 -0.000018346930
-0.000000000010 0.999999999983 -0.000005779070 -0.000008671214
0.000002544535 0.000005779070 0.999999999980 0.000050414852
0.000000000000 0.000000000000 0.000000000000 1.000000000000

MATRIX 36
0.999999999997 -0.000000000004 -0.000002354683 -0.000013535987
-0.000000000010 0.999999999983 -0.000005890768 -0.000000316544
0.000002354683 0.000005890768 0.999999999980 0.000050433122
0.000000000000 0.000000000000 0.000000000000 1.000000000000

MATRIX 37
0.999999999998 -0.000000000003 -0.000002164832 -0.000008725045
-0.000000000010 0.999999999982 -0.000006002466 0.000008038127
0.000002164832 0.000006002466 0.999999999980 0.000050451392
0.000000000000 0.000000000000 0.000000000000 1.000000000000

MATRIX 38
1.000000000000 0.000000000000 -0.000000189848 -0.000004810943
0.000000000000 1.000000000000 0.000000111708 -0.000008354670
0.000000189848 -0.000000111708 1.000000000000 -0.000000018273
0.000000000000 0.000000000000 0.000000000000 1.000000000000

MATRIX 39
1.000000000000 0.000000000000 0.000000000000 0.000000000000
0.000000000000 1.000000000000 0.000000000000 0.000000000000
0.000000000000 0.000000000000 1.000000000000 0.000000000000
0.000000000000 0.000000000000 0.000000000000 1.000000000000

MATRIX 40
1.000000000000 0.000000000000 0.000000189847 0.000004810943
0.000000000000 1.000000000000 -0.000000111708 0.000008354670
-0.000000189847 0.000000111708 1.000000000000 0.000000018273
0.000000000000 0.000000000000 0.000000000000 1.000000000000

MATRIX 41
0.999999999998 -0.000000000003 0.000002164868 0.000008725058
-0.000000000010 0.999999999982 0.000006002469 -0.000008038090
-0.000002164868 -0.000006002469 0.999999999980 -0.000050451354
0.000000000000 0.000000000000 0.000000000000 1.000000000000

MATRIX 42
0.999999999997 -0.000000000004 0.000002354712 0.000013536002
-0.000000000010 0.999999999983 0.000005890751 0.000000316580
-0.000002354712 -0.000005890751 0.999999999980 -0.000050433079
0.000000000000 0.000000000000 0.000000000000 1.000000000000

MATRIX 43
0.999999999997 -0.000000000005 0.000002544555 0.000018346945
-0.000000000010 0.999999999983 0.000005779033 0.000008671250
-0.000002544555 -0.000005779033 0.999999999980 -0.000050414803
0.000000000000 0.000000000000 0.000000000000 1.000000000000

MATRIX 44
1.000000000000 0.000000000005 0.000000563990 -0.000018713130
-0.000000000003 0.999999999994 -0.000003441760 -0.000022602075
-0.000000563990 0.000003441760 0.999999999994 0.000021329206
0.000000000000 0.000000000000 0.000000000000 1.000000000000

MATRIX 45
1.000000000000 0.000000000005 0.000000753836 -0.000013902187
-0.000000000003 0.999999999994 -0.000003553462 -0.000014247404
-0.000000753836 0.000003553462 0.999999999993 0.000021347478
0.000000000000 0.000000000000 0.000000000000 1.000000000000

MATRIX 46
1.000000000000 0.000000000006 0.000000943681 -0.000009091244
-0.000000000003 0.999999999993 -0.000003665164 -0.000005892734
-0.000000943681 0.000003665164 0.999999999993 0.000021365750
0.000000000000 0.000000000000 0.000000000000 1.000000000000

MATRIX 47
0.999999999996 -0.000000000007 0.000002918694 -0.000005177130
-0.000000000001 0.999999999997 0.000002449009 -0.000022285513
-0.000002918694 -0.000002449009 0.999999999993 -0.000029103944
0.000000000000 0.000000000000 0.000000000000 1.000000000000

MATRIX 48
0.999999999995 -0.000000000007 0.000003108536 -0.000000366186
-0.000000000000 0.999999999997 0.000002337297 -0.000013930843
-0.000003108536 -0.000002337297 0.999999999992 -0.000029085669
0.000000000000 0.000000000000 0.000000000000 1.000000000000

MATRIX 49
0.999999999995 -0.000000000007 0.000003298378 0.000004444757
-0.000000000000 0.999999999998 0.000002225585 -0.000005576173
-0.000003298378 -0.000002225585 0.999999999992 -0.000029067395
0.000000000000 0.000000000000 0.000000000000 1.000000000000

MATRIX 50
0.999999999986 -0.000000000025 0.000005273426 0.000008358885
-0.000000000019 0.999999999965 0.000008339761 -0.000021968916
-0.000005273426 -0.000008339761 0.999999999951 -0.000079537051
0.000000000000 0.000000000000 0.000000000000 1.000000000000

MATRIX 51
0.999999999985 -0.000000000026 0.000005463265 0.000013169829
-0.000000000019 0.999999999966 0.000008228039 -0.000013614246
-0.000005463265 -0.000008228039 0.999999999951 -0.000079518774
0.000000000000 0.000000000000 0.000000000000 1.000000000000

MATRIX 52
0.999999999984 -0.000000000028 0.000005653102 0.000017980773
-0.000000000018 0.999999999967 0.000008116317 -0.000005259576
-0.000005653102 -0.000008116317 0.999999999951 -0.000079500496
0.000000000000 0.000000000000 0.000000000000 1.000000000000

MATRIX 53
1.000000000000 0.000000000000 0.000000000000 0.000000000000
0.000000000000 1.000000000000 0.000000000000 0.000000000000
0.000000000000 0.000000000000 1.000000000000 0.000000000000
0.000000000000 0.000000000000 0.000000000000 1.000000000000

