# Transformation matrices for sensor A (A2 relative to A1)
# Number of matrices: 54
MATRICES 54
MATRIX 0
0.999999911280 -0.000001724870 -0.000421231965 -0.013703562636
0.000000320259 0.999994440514 -0.003334507656 -0.012818123824
0.000421235374 0.003334507225 0.999994351795 -0.045444559143
0.000000000000 0.000000000000 0.000000000000 1.000000000000

MATRIX 1
0.999999974636 -0.000000755601 0.000225228734 -0.013685231743
0.000001245771 0.999997631801 -0.002176325250 -0.013269554266
-0.000225226556 0.002176325475 0.999997606437 0.010767564097
0.000000000000 0.000000000000 0.000000000000 1.000000000000

MATRIX 2
0.999999620646 -0.000000525437 0.000871038677 -0.013671338104
0.000001411910 0.999999482122 -0.001017720199 -0.013728939226
-0.000871037692 0.001017721043 0.999999102768 0.066977336606
0.000000000000 0.000000000000 0.000000000000 1.000000000000

MATRIX 3
0.999999888265 0.000000414051 0.000472726706 -0.013722369464
0.000000435050 0.999998386874 -0.001796176134 0.000463466137
-0.000472726687 0.001796176139 0.999998275139 -0.056226723419
0.000000000000 0.000000000000 0.000000000000 1.000000000000

MATRIX 4
0.999999378624 0.000000355874 0.001114787289 -0.013706194383
0.000000352198 0.999999798284 -0.000635163178 0.000008387798
-0.001114787290 0.000635163176 0.999999176908 -0.000013787554
0.000000000000 0.000000000000 0.000000000000 1.000000000000

MATRIX 5
0.999998457873 -0.000000435940 0.001756203450 -0.013694427826
-0.000000488284 0.999999861524 0.000526262095 -0.000454664717
-0.001756203436 -0.000526262141 0.999998319397 0.056196806565
0.000000000000 0.000000000000 0.000000000000 1.000000000000

MATRIX 6
0.999999064218 0.000001182417 0.001368050309 -0.013738646323
-0.000000829637 0.999999966751 -0.000257871197 0.013749397108
-0.001368050569 0.000257869821 0.999999030970 -0.067002616761
0.000000000000 0.000000000000 0.000000000000 1.000000000000

MATRIX 7
0.999997988575 0.000000093595 0.002005703538 -0.013724641345
-0.000001910683 0.999999589618 0.000905958682 0.013290683883
-0.002005702630 -0.000905960692 0.999997578193 -0.010788852494
0.000000000000 0.000000000000 0.000000000000 1.000000000000

MATRIX 8
0.999996508011 -0.000001723366 0.002642718832 -0.013715016167
-0.000003747582 0.999997857146 0.002070190428 0.012823976891
-0.002642716737 -0.002070193103 0.999994365159 0.045422579056
0.000000000000 0.000000000000 0.000000000000 1.000000000000

MATRIX 9
0.999998819137 -0.000002081097 -0.001536788889 0.000000379667
-0.000002066646 0.999996357797 -0.002698960530 -0.012825224554
0.001536788909 0.002698960519 0.999995176934 -0.045435142702
0.000000000000 0.000000000000 0.000000000000 1.000000000000

MATRIX 10
0.999999604087 -0.000000686839 -0.000889845770 0.000022539843
-0.000000684488 0.999998812531 -0.001541082805 -0.013278839410
0.000889845772 0.001541082803 0.999998416618 0.010777911165
0.000000000000 0.000000000000 0.000000000000 1.000000000000

MATRIX 11
0.999999970337 -0.000000033785 -0.000243567550 0.000040261402
-0.000000059447 0.999999926742 -0.000382774612 -0.013740406377
0.000243567545 0.000382774615 0.999999897079 0.066988613400
0.000000000000 0.000000000000 0.000000000000 1.000000000000

MATRIX 12
0.999999793567 -0.000000368600 -0.000642546507 -0.000020004185
-0.000000377208 0.999999326380 -0.001160706173 0.000457259941
0.000642546502 0.001160706176 0.999999119947 -0.056213855291
0.000000000000 0.000000000000 0.000000000000 1.000000000000

MATRIX 13
1.000000000000 0.000000000000 0.000000000000 0.000000000000
0.000000000000 1.000000000000 0.000000000000 0.000000000000
0.000000000000 0.000000000000 1.000000000000 0.000000000000
0.000000000000 0.000000000000 0.000000000000 1.000000000000

MATRIX 14
0.999999793990 -0.000000367155 0.000641887978 0.000015594219
-0.000000378159 0.999999325893 0.001161126277 -0.000465231702
-0.000641887971 -0.001161126281 0.999999119882 0.056211512734
0.000000000000 0.000000000000 0.000000000000 1.000000000000

MATRIX 15
0.999999967979 -0.000000026501 0.000253064019 -0.000037853577
-0.000000069036 0.999999928739 0.000377519908 0.013744092550
-0.000253064010 -0.000377519913 0.999999896719 -0.066986293926
0.000000000000 0.000000000000 0.000000000000 1.000000000000

MATRIX 16
0.999999602875 -0.000000686762 0.000891206704 -0.000020019717
-0.000000686625 0.999998812596 0.001541040861 0.013283200507
-0.000891206704 -0.001541040861 0.999998415471 -0.010771621462
0.000000000000 0.000000000000 0.000000000000 1.000000000000

MATRIX 17
0.999998831539 -0.000002077294 0.001528697289 -0.000006567125
-0.000002057799 0.999996341556 0.002704971487 0.012814317135
-0.001528697315 -0.002704971472 0.999995173095 0.045440717522
0.000000000000 0.000000000000 0.000000000000 1.000000000000

MATRIX 18
0.999996482422 -0.000001724351 -0.002652383979 0.013704332656
-0.000003748333 0.999997871384 -0.002063301372 -0.012832316742
0.002652381890 0.002063304056 0.999994353807 -0.045431086941
0.000000000000 0.000000000000 0.000000000000 1.000000000000

MATRIX 19
0.999997990068 0.000000094186 -0.002004958939 0.013730319468
-0.000001910140 0.999999589825 -0.000905729104 -0.013288118969
0.002004958031 0.000905731113 0.999997579894 0.010782905451
0.000000000000 0.000000000000 0.000000000000 1.000000000000

MATRIX 20
0.999999077628 0.000001169439 -0.001358212968 0.013751866273
-0.000000826787 0.999999968177 0.000252281482 -0.013751870925
0.001358213220 -0.000252280126 0.999999045805 0.066994545193
0.000000000000 0.000000000000 0.000000000000 1.000000000000

MATRIX 21
0.999998454964 -0.000000438680 -0.001757859434 0.013682365468
-0.000000484420 0.999999862121 -0.000525126903 0.000451055710
0.001757859422 0.000525126944 0.999998317085 -0.056206348606
0.000000000000 0.000000000000 0.000000000000 1.000000000000

MATRIX 22
0.999999378580 0.000000355983 -0.001114827502 0.013706196154
0.000000352236 0.999999798215 0.000635271727 -0.000008388807
0.001114827503 -0.000635271725 0.999999176794 0.000008434005
0.000000000000 0.000000000000 0.000000000000 1.000000000000

MATRIX 23
0.999999888387 0.000000412794 -0.000472468192 0.013725615438
0.000000435806 0.999998387014 0.001796098250 -0.000475802677
0.000472468172 -0.001796098255 0.999998275401 0.056220873167
0.000000000000 0.000000000000 0.000000000000 1.000000000000

MATRIX 24
0.999999628509 -0.000000523255 -0.000861963546 0.013662937235
0.000001396439 0.999999486897 0.001013017621 0.013738783379
0.000861962573 -0.001013018448 0.999999115407 -0.066975333258
0.000000000000 0.000000000000 0.000000000000 1.000000000000

MATRIX 25
0.999999975061 -0.000000755670 -0.000223331880 0.013684597401
0.000001241689 0.999997632010 0.002176228884 0.013275709530
0.000223329706 -0.002176229107 0.999997607072 -0.010759744707
0.000000000000 0.000000000000 0.000000000000 1.000000000000

MATRIX 26
0.999945767796 -0.000014873480 0.010414472894 0.009163823040
-0.000046518061 0.999982625835 0.005894562276 0.026159068413
-0.010414379624 -0.005894727062 0.999928393881 -0.012750401809
0.000000000000 0.000000000000 0.000000000000 1.000000000000

MATRIX 27
0.999955567947 -0.000000632515 0.009426671298 -0.014135781162
-0.000026756149 0.999995779198 0.002905317481 0.013368306001
-0.009426633347 -0.002905440613 0.999951347316 -0.058249852771
0.000000000000 0.000000000000 0.000000000000 1.000000000000

MATRIX 28
0.999960970702 -0.000002627273 0.008834990981 -0.023752145828
-0.000026212522 0.999994672296 0.003264152499 0.013388827833
-0.008834952486 -0.003264256689 0.999955643138 -0.058262462267
0.000000000000 0.000000000000 0.000000000000 1.000000000000

MATRIX 29
0.999991099944 -0.000011071597 0.004218993979 0.009584008750
-0.000013676847 0.999982795458 0.005865884438 0.013323967732
-0.004218986338 -0.005865889934 0.999973895404 -0.058133386232
0.000000000000 0.000000000000 0.000000000000 1.000000000000

MATRIX 30
0.999993424786 -0.000011263590 0.003626328559 -0.000032375534
-0.000011294092 0.999980652759 0.006220448533 0.013344467331
-0.003626328464 -0.006220448588 0.999974077545 -0.058148793781
0.000000000000 0.000000000000 0.000000000000 1.000000000000

MATRIX 31
0.999995399075 -0.000011246123 0.003033430677 -0.009648755601
-0.000008695369 0.999978392213 0.006573814008 0.013364962546
-0.003033439061 -0.006573810140 0.999973791290 -0.058163761368
0.000000000000 0.000000000000 0.000000000000 1.000000000000

MATRIX 32
0.999998753977 -0.000004466650 -0.001578614938 0.023687083360
0.000018972364 0.999957780151 0.009188991005 0.013299801909
0.001578507245 -0.009189009505 0.999956534265 -0.058118404271
0.000000000000 0.000000000000 0.000000000000 1.000000000000

MATRIX 33
0.999997640221 -0.000002657677 -0.002172451252 0.014070723441
0.000023378595 0.999954511340 0.009538066035 0.013320251026
0.002172327081 -0.009538094316 0.999952151731 -0.058136187751
0.000000000000 0.000000000000 0.000000000000 1.000000000000

MATRIX 34
0.999996173154 -0.000000642595 -0.002766528055 0.004454367848
0.000027992415 0.999951132458 0.009885945222 0.013340695748
0.002766386509 -0.009885984832 0.999947305816 -0.058153532150
0.000000000000 0.000000000000 0.000000000000 1.000000000000

MATRIX 35
0.999979514404 0.000011751787 0.006400830700 -0.004509240131
0.000011767400 0.999993249499 -0.003674345991 0.000016476930
-0.006400830672 0.003674346041 0.999972763903 -0.000051570597
0.000000000000 0.000000000000 0.000000000000 1.000000000000

MATRIX 36
0.999983182256 0.000009623219 0.005799578657 -0.014123532746
0.000009606823 0.999994502911 -0.003315728386 0.000035753930
-0.005799578684 0.003315728338 0.999977685167 -0.000064185816
0.000000000000 0.000000000000 0.000000000000 1.000000000000

MATRIX 37
0.999986489829 0.000007708916 0.005198086259 -0.023737821491
0.000007668873 0.999995624104 -0.002958329490 0.000055028639
-0.005198086318 0.002958329386 0.999982113933 -0.000076347836
0.000000000000 0.000000000000 0.000000000000 1.000000000000

MATRIX 38
0.999999818529 0.000000105503 0.000602447232 0.009614290297
0.000000107271 0.999999937631 -0.000353183110 -0.000019276018
-0.000602447232 0.000353183111 0.999999756159 0.000015016407
0.000000000000 0.000000000000 0.000000000000 1.000000000000

MATRIX 39
1.000000000000 0.000000000000 0.000000000000 0.000000000000
0.000000000000 1.000000000000 0.000000000000 0.000000000000
0.000000000000 0.000000000000 1.000000000000 0.000000000000
0.000000000000 0.000000000000 0.000000000000 1.000000000000

MATRIX 40
0.999999818379 0.000000105310 -0.000602695319 -0.009614286251
0.000000106819 0.999999938060 0.000351966908 0.000019273648
0.000602695318 -0.000351966909 0.999999756439 -0.000014564142
0.000000000000 0.000000000000 0.000000000000 1.000000000000

MATRIX 41
0.999986509582 0.000007726275 -0.005194284746 0.023737841099
0.000007704718 0.999995587320 0.002970737355 -0.000055040202
0.005194284778 -0.002970737299 0.999982096903 -0.000006670209
0.000000000000 0.000000000000 0.000000000000 1.000000000000

MATRIX 42
0.999983192061 0.000009629301 -0.005797887700 0.014123593721
0.000009611023 0.999994493821 0.003318468670 -0.000035788853
0.005797887730 -0.003318468617 0.999977685883 -0.000024106356
0.000000000000 0.000000000000 0.000000000000 1.000000000000

MATRIX 43
0.999979508542 0.000011739731 -0.006401746466 0.004509350561
0.000011722903 0.999993283846 0.003664986465 -0.000016539890
0.006401746497 -0.003664986412 0.999972792388 -0.000041091302
0.000000000000 0.000000000000 0.000000000000 1.000000000000

MATRIX 44
0.999996059912 -0.000000497114 0.002807162466 -0.004473872639
0.000028315263 0.999950897584 -0.009909672988 -0.013271421982
-0.002807019702 0.009909713429 0.999946957703 0.058167770564
0.000000000000 0.000000000000 0.000000000000 1.000000000000

MATRIX 45
0.999997588385 -0.000002603604 0.002196182571 -0.014086025807
0.000023582536 0.999954373727 -0.009552481783 -0.013253380928
-0.002196057497 0.009552510538 0.999951962283 0.058155588182
0.000000000000 0.000000000000 0.000000000000 1.000000000000

MATRIX 46
0.999998743961 -0.000004494620 0.001584946902 -0.023698175232
0.000019070460 0.999957710875 -0.009196526431 -0.013235340142
-0.001584838542 0.009196545105 0.999956454974 0.058143871584
0.000000000000 0.000000000000 0.000000000000 1.000000000000

MATRIX 47
0.999995528970 -0.000011171930 -0.002990303654 0.009669866694
-0.000008528620 0.999978298528 -0.006588049834 -0.013318835453
0.002990312361 0.006588045881 0.999973827499 0.058197705369
0.000000000000 0.000000000000 0.000000000000 1.000000000000

MATRIX 48
0.999993511044 -0.000011247893 -0.003602463475 0.000057734080
-0.000011218276 0.999980554316 -0.006236254002 -0.013300769660
0.003602463567 0.006236253949 0.999974065360 0.058183078933
0.000000000000 0.000000000000 0.000000000000 1.000000000000

MATRIX 49
0.999991117264 -0.000011111888 -0.004214886637 -0.009554394578
-0.000013695949 0.999982679073 -0.005885691595 -0.013282704205
0.004214879032 0.005885697041 0.999973796339 0.058168917241
0.000000000000 0.000000000000 0.000000000000 1.000000000000

MATRIX 50
0.999961402411 -0.000002564753 -0.008785993530 0.023813990257
-0.000026108603 0.999994674709 -0.003263414104 -0.013365917607
0.008785955112 0.003263517534 0.999956077258 0.058139531521
0.000000000000 0.000000000000 0.000000000000 1.000000000000

MATRIX 51
0.999955825669 -0.000000624604 -0.009399293022 0.014201919485
-0.000026794615 0.999995745096 -0.002917031420 -0.013347850461
0.009399254851 0.002917154413 0.999951570936 0.058122442594
0.000000000000 0.000000000000 0.000000000000 1.000000000000

MATRIX 52
0.999949870026 0.000001524050 -0.010012863357 0.004589852956
-0.000027277291 0.999996692340 -0.002571879565 -0.013329783604
0.010012826318 0.002572023760 0.999946562574 0.058105817156
0.000000000000 0.000000000000 0.000000000000 1.000000000000

MATRIX 53
1.000000000000 0.000000000000 0.000000000000 0.000000000000
0.000000000000 1.000000000000 0.000000000000 0.000000000000
0.000000000000 0.000000000000 1.000000000000 0.000000000000
0.000000000000 0.000000000000 0.000000000000 1.000000000000

