# Transformation matrices for sensor A (A2 relative to A1)
# Number of matrices: 54
MATRICES 54
MATRIX 0
1.000000000000 -0.000000000002 -0.000000417939 -0.000013702711
0.000000000000 0.999999999994 -0.000003337202 -0.000012811392
0.000000417939 0.000003337202 0.999999999994 -0.000045449024
0.000000000000 0.000000000000 0.000000000000 1.000000000000

MATRIX 1
1.000000000000 -0.000000000001 0.000000224279 -0.000013684912
0.000000000001 0.999999999998 -0.000002176285 -0.000013272627
-0.000000224279 0.000002176285 0.999999999998 0.000010763657
0.000000000000 0.000000000000 0.000000000000 1.000000000000

MATRIX 2
1.000000000000 -0.000000000001 0.000000866496 -0.000013667117
0.000000000001 0.999999999999 -0.000001015368 -0.000013733870
-0.000000866496 0.000001015368 0.999999999999 0.000066976335
0.000000000000 0.000000000000 0.000000000000 1.000000000000

MATRIX 3
1.000000000000 0.000000000000 0.000000472595 -0.000013723991
0.000000000000 0.999999999998 -0.000001796137 0.000000469626
-0.000000472595 0.000001796137 0.999999999998 -0.000056223795
0.000000000000 0.000000000000 0.000000000000 1.000000000000

MATRIX 4
0.999999999999 0.000000000000 0.000001114808 -0.000013706194
0.000000000000 1.000000000000 -0.000000635218 0.000000008387
-0.000001114808 0.000000635218 0.999999999999 -0.000000011114
0.000000000000 0.000000000000 0.000000000000 1.000000000000

MATRIX 5
0.999999999998 -0.000000000000 0.000001757020 -0.000013688401
-0.000000000000 1.000000000000 0.000000525702 -0.000000452859
-0.000001757020 -0.000000525702 0.999999999998 0.000056201566
0.000000000000 0.000000000000 0.000000000000 1.000000000000

MATRIX 6
0.999999999999 0.000000000001 0.000001363129 -0.000013745268
-0.000000000001 1.000000000000 -0.000000255072 0.000013750648
-0.000001363129 0.000000255072 0.999999999999 -0.000066998560
0.000000000000 0.000000000000 0.000000000000 1.000000000000

MATRIX 7
0.999999999998 0.000000000000 0.000002005338 -0.000013727473
-0.000000000002 1.000000000000 0.000000905850 0.000013289406
-0.000002005338 -0.000000905850 0.999999999998 -0.000010785878
0.000000000000 0.000000000000 0.000000000000 1.000000000000

MATRIX 8
0.999999999996 -0.000000000002 0.000002647546 -0.000013709683
-0.000000000004 0.999999999998 0.000002066772 0.000012828156
-0.000002647546 -0.000002066772 0.999999999994 0.000045426802
0.000000000000 0.000000000000 0.000000000000 1.000000000000

MATRIX 9
0.999999999999 -0.000000000002 -0.000001532747 0.000000003481
-0.000000000002 0.999999999996 -0.000002701984 -0.000012819779
0.000001532747 0.000002701984 0.999999999995 -0.000045437914
0.000000000000 0.000000000000 0.000000000000 1.000000000000

MATRIX 10
1.000000000000 -0.000000000001 -0.000000890529 0.000000021283
-0.000000000001 0.999999999999 -0.000001541067 -0.000013281015
0.000000890529 0.000001541067 0.999999999998 0.000010774767
0.000000000000 0.000000000000 0.000000000000 1.000000000000

MATRIX 11
1.000000000000 -0.000000000000 -0.000000248312 0.000000039082
-0.000000000000 1.000000000000 -0.000000380151 -0.000013742260
0.000000248312 0.000000380151 1.000000000000 0.000066987446
0.000000000000 0.000000000000 0.000000000000 1.000000000000

MATRIX 12
1.000000000000 -0.000000000000 -0.000000642214 -0.000000017801
-0.000000000000 0.999999999999 -0.000001160919 0.000000461240
0.000000642214 0.000001160919 0.999999999999 -0.000056212682
0.000000000000 0.000000000000 0.000000000000 1.000000000000

MATRIX 13
1.000000000000 0.000000000000 0.000000000000 0.000000000000
0.000000000000 1.000000000000 0.000000000000 0.000000000000
0.000000000000 0.000000000000 1.000000000000 0.000000000000
0.000000000000 0.000000000000 0.000000000000 1.000000000000

MATRIX 14
1.000000000000 -0.000000000000 0.000000642213 0.000000017796
-0.000000000000 0.999999999999 0.000001160919 -0.000000461248
-0.000000642213 -0.000001160919 0.999999999999 0.000056212680
0.000000000000 0.000000000000 0.000000000000 1.000000000000

MATRIX 15
1.000000000000 -0.000000000000 0.000000248321 -0.000000039079
-0.000000000000 1.000000000000 0.000000380146 0.000013742264
-0.000000248321 -0.000000380146 1.000000000000 -0.000066987444
0.000000000000 0.000000000000 0.000000000000 1.000000000000

MATRIX 16
1.000000000000 -0.000000000001 0.000000890530 -0.000000021281
-0.000000000001 0.999999999999 0.000001541067 0.000013281020
-0.000000890530 -0.000001541067 0.999999999998 -0.000010774761
0.000000000000 0.000000000000 0.000000000000 1.000000000000

MATRIX 17
0.999999999999 -0.000000000002 0.000001532739 -0.000000003487
-0.000000000002 0.999999999996 0.000002701990 0.000012819768
-0.000001532739 -0.000002701990 0.999999999995 0.000045437920
0.000000000000 0.000000000000 0.000000000000 1.000000000000

MATRIX 18
0.999999999996 -0.000000000002 -0.000002647556 0.000013709672
-0.000000000004 0.999999999998 -0.000002066765 -0.000012828165
0.000002647556 0.000002066765 0.999999999994 -0.000045426811
0.000000000000 0.000000000000 0.000000000000 1.000000000000

MATRIX 19
0.999999999998 0.000000000000 -0.000002005337 0.000013727479
-0.000000000002 1.000000000000 -0.000000905850 -0.000013289404
0.000002005337 0.000000905850 0.999999999998 0.000010785872
0.000000000000 0.000000000000 0.000000000000 1.000000000000

MATRIX 20
0.999999999999 0.000000000001 -0.000001363119 0.000013745281
-0.000000000001 1.000000000000 0.000000255067 -0.000013750651
0.000001363119 -0.000000255067 0.999999999999 0.000066998552
0.000000000000 0.000000000000 0.000000000000 1.000000000000

MATRIX 21
0.999999999998 -0.000000000000 -0.000001757022 0.000013688389
-0.000000000000 1.000000000000 -0.000000525701 0.000000452855
0.000001757022 0.000000525701 0.999999999998 -0.000056201575
0.000000000000 0.000000000000 0.000000000000 1.000000000000

MATRIX 22
0.999999999999 0.000000000000 -0.000001114808 0.000013706194
0.000000000000 1.000000000000 0.000000635218 -0.000000008387
0.000001114808 -0.000000635218 0.999999999999 0.000000011108
0.000000000000 0.000000000000 0.000000000000 1.000000000000

MATRIX 23
1.000000000000 0.000000000000 -0.000000472594 0.000013723994
0.000000000000 0.999999999998 0.000001796137 -0.000000469638
0.000000472594 -0.000001796137 0.999999999998 0.000056223789
0.000000000000 0.000000000000 0.000000000000 1.000000000000

MATRIX 24
1.000000000000 -0.000000000001 -0.000000866487 0.000013667109
0.000000000001 0.999999999999 0.000001015364 0.000013733879
0.000000866487 -0.000001015364 0.999999999999 -0.000066976333
0.000000000000 0.000000000000 0.000000000000 1.000000000000

MATRIX 25
1.000000000000 -0.000000000001 -0.000000224277 0.000013684911
0.000000000001 0.999999999998 0.000002176285 0.000013272633
0.000000224277 -0.000002176285 0.999999999998 -0.000010763649
0.000000000000 0.000000000000 0.000000000000 1.000000000000

MATRIX 26
0.999999999946 -0.000000000015 0.000010433793 0.000009148451
-0.000000000047 0.999999999983 0.000005896084 0.000026150411
-0.000010433793 -0.000005896084 0.999999999928 -0.000012722067
0.000000000000 0.000000000000 0.000000000000 1.000000000000

MATRIX 27
0.999999999956 -0.000000000001 0.000009413319 -0.000014168530
-0.000000000027 0.999999999996 0.000002911450 0.000013358301
-0.000009413319 -0.000002911450 0.999999999951 -0.000058185921
0.000000000000 0.000000000000 0.000000000000 1.000000000000

MATRIX 28
0.999999999961 -0.000000000003 0.000008810760 -0.000023782820
-0.000000000026 0.999999999995 0.000003264031 0.000013377577
-0.000008810760 -0.000003264031 0.999999999956 -0.000058200709
0.000000000000 0.000000000000 0.000000000000 1.000000000000

MATRIX 29
0.999999999991 -0.000000000011 0.000004217077 0.000009569175
-0.000000000014 0.999999999983 0.000005876009 0.000013303339
-0.000004217077 -0.000005876009 0.999999999974 -0.000058151016
0.000000000000 0.000000000000 0.000000000000 1.000000000000

MATRIX 30
0.999999999993 -0.000000000011 0.000003614516 -0.000000045115
-0.000000000011 0.999999999981 0.000006228585 0.000013322615
-0.000003614516 -0.000006228585 0.999999999974 -0.000058165807
0.000000000000 0.000000000000 0.000000000000 1.000000000000

MATRIX 31
0.999999999995 -0.000000000011 0.000003011955 -0.000009659405
-0.000000000009 0.999999999978 0.000006581161 0.000013341891
-0.000003011955 -0.000006581161 0.999999999974 -0.000058180597
0.000000000000 0.000000000000 0.000000000000 1.000000000000

MATRIX 32
0.999999999999 -0.000000000004 -0.000001581724 0.000023692590
0.000000000019 0.999999999958 0.000009193152 0.000013267652
0.000001581724 -0.000009193152 0.999999999956 -0.000058130988
0.000000000000 0.000000000000 0.000000000000 1.000000000000

MATRIX 33
0.999999999998 -0.000000000003 -0.000002184286 0.000014078300
0.000000000023 0.999999999954 0.000009545724 0.000013286928
0.000002184286 -0.000009545724 0.999999999952 -0.000058145781
0.000000000000 0.000000000000 0.000000000000 1.000000000000

MATRIX 34
0.999999999996 -0.000000000001 -0.000002786848 0.000004464010
0.000000000028 0.999999999951 0.000009898294 0.000013306204
0.000002786848 -0.000009898294 0.999999999947 -0.000058160574
0.000000000000 0.000000000000 0.000000000000 1.000000000000

MATRIX 35
0.999999999980 0.000000000012 0.000006401372 -0.000004509147
0.000000000012 0.999999999993 -0.000003669717 0.000000016423
-0.000006401372 0.000003669717 0.999999999973 -0.000000005289
0.000000000000 0.000000000000 0.000000000000 1.000000000000

MATRIX 36
0.999999999983 0.000000000010 0.000005798802 -0.000014123435
0.000000000010 0.999999999994 -0.000003317136 0.000000035698
-0.000005798802 0.000003317136 0.999999999978 -0.000000020077
0.000000000000 0.000000000000 0.000000000000 1.000000000000

MATRIX 37
0.999999999986 0.000000000008 0.000005196233 -0.000023737723
0.000000000008 0.999999999996 -0.000002964557 0.000000054973
-0.000005196233 0.000002964557 0.999999999982 -0.000000034865
0.000000000000 0.000000000000 0.000000000000 1.000000000000

MATRIX 38
1.000000000000 0.000000000000 0.000000602571 0.000009614288
0.000000000000 1.000000000000 -0.000000352575 -0.000000019275
-0.000000602571 0.000000352575 1.000000000000 0.000000014791
0.000000000000 0.000000000000 0.000000000000 1.000000000000

MATRIX 39
1.000000000000 0.000000000000 0.000000000000 0.000000000000
0.000000000000 1.000000000000 0.000000000000 0.000000000000
0.000000000000 0.000000000000 1.000000000000 0.000000000000
0.000000000000 0.000000000000 0.000000000000 1.000000000000

MATRIX 40
1.000000000000 0.000000000000 -0.000000602571 -0.000009614288
0.000000000000 1.000000000000 0.000000352574 0.000000019275
0.000000602571 -0.000000352574 1.000000000000 -0.000000014790
0.000000000000 0.000000000000 0.000000000000 1.000000000000

MATRIX 41
0.999999999986 0.000000000008 -0.000005196229 0.000023737723
0.000000000008 0.999999999996 0.000002964569 -0.000000054973
0.000005196229 -0.000002964569 0.999999999982 0.000000034782
0.000000000000 0.000000000000 0.000000000000 1.000000000000

MATRIX 42
0.999999999983 0.000000000010 -0.000005798801 0.000014123435
0.000000000010 0.999999999994 0.000003317139 -0.000000035698
0.000005798801 -0.000003317139 0.999999999978 0.000000019989
0.000000000000 0.000000000000 0.000000000000 1.000000000000

MATRIX 43
0.999999999980 0.000000000012 -0.000006401373 0.000004509147
0.000000000012 0.999999999993 0.000003669708 -0.000000016423
0.000006401373 -0.000003669708 0.999999999973 0.000000005196
0.000000000000 0.000000000000 0.000000000000 1.000000000000

MATRIX 44
0.999999999996 -0.000000000001 0.000002786889 -0.000004464029
0.000000000028 0.999999999951 -0.000009898318 -0.000013306135
-0.000002786889 0.000009898318 0.999999999947 0.000058160588
0.000000000000 0.000000000000 0.000000000000 1.000000000000

MATRIX 45
0.999999999998 -0.000000000003 0.000002184309 -0.000014078315
0.000000000023 0.999999999954 -0.000009545738 -0.000013286861
-0.000002184309 0.000009545738 0.999999999952 0.000058145800
0.000000000000 0.000000000000 0.000000000000 1.000000000000

MATRIX 46
0.999999999999 -0.000000000004 0.000001581730 -0.000023692601
0.000000000019 0.999999999958 -0.000009193160 -0.000013267588
-0.000001581730 0.000009193160 0.999999999956 0.000058131013
0.000000000000 0.000000000000 0.000000000000 1.000000000000

MATRIX 47
0.999999999995 -0.000000000011 -0.000003011912 0.000009659426
-0.000000000009 0.999999999978 -0.000006581175 -0.000013341845
0.000003011912 0.000006581175 0.999999999974 0.000058180631
0.000000000000 0.000000000000 0.000000000000 1.000000000000

MATRIX 48
0.999999999993 -0.000000000011 -0.000003614492 0.000000045140
-0.000000000011 0.999999999981 -0.000006228601 -0.000013322571
0.000003614492 0.000006228601 0.999999999974 0.000058165841
0.000000000000 0.000000000000 0.000000000000 1.000000000000

MATRIX 49
0.999999999991 -0.000000000011 -0.000004217073 -0.000009569146
-0.000000000014 0.999999999983 -0.000005876028 -0.000013303297
0.000004217073 0.000005876028 0.999999999974 0.000058151051
0.000000000000 0.000000000000 0.000000000000 1.000000000000

MATRIX 50
0.999999999961 -0.000000000003 -0.000008810711 0.000023782882
-0.000000000026 0.999999999995 -0.000003264030 -0.000013377554
0.000008810711 0.000003264030 0.999999999956 0.000058200586
0.000000000000 0.000000000000 0.000000000000 1.000000000000

MATRIX 51
0.999999999956 -0.000000000001 -0.000009413292 0.000014168596
-0.000000000027 0.999999999996 -0.000002911461 -0.000013358281
0.000009413292 0.000002911461 0.999999999951 0.000058185793
0.000000000000 0.000000000000 0.000000000000 1.000000000000

MATRIX 52
0.999999999950 0.000000000002 -0.000010015874 0.000004554310
-0.000000000027 0.999999999997 -0.000002558894 -0.000013339007
0.000010015874 0.000002558894 0.999999999947 0.000058171001
0.000000000000 0.000000000000 0.000000000000 1.000000000000

MATRIX 53
1.000000000000 0.000000000000 0.000000000000 0.000000000000
0.000000000000 1.000000000000 0.000000000000 0.000000000000
0.000000000000 0.000000000000 1.000000000000 0.000000000000
0.000000000000 0.000000000000 0.000000000000 1.000000000000

