# Transformation matrices for sensor C (C2 relative to C1)
# Number of matrices: 54
MATRICES 54
MATRIX 0
1.000000000000 0.000000000000 0.000000953878 -0.000013604739
-0.000000000001 1.000000000000 0.000000735681 -0.000013607683
-0.000000953878 -0.000000735681 0.999999999999 -0.000070787107
0.000000000000 0.000000000000 0.000000000000 1.000000000000

MATRIX 1
0.999999999999 -0.000000000001 0.000001626027 -0.000013183976
-0.000000000002 0.999999999998 0.000001882133 -0.000013405573
-0.000001626027 -0.000001882133 0.999999999997 -0.000014707865
0.000000000000 0.000000000000 0.000000000000 1.000000000000

MATRIX 2
0.999999999997 -0.000000000003 0.000002298176 -0.000012763217
-0.000000000004 0.999999999995 0.000003028586 -0.000013203472
-0.000002298176 -0.000003028586 0.999999999993 0.000041371379
0.000000000000 0.000000000000 0.000000000000 1.000000000000

MATRIX 3
1.000000000000 -0.000000000000 -0.000000456998 -0.000013792507
0.000000000001 1.000000000000 0.000000518021 -0.000000009274
0.000000456998 -0.000000518021 1.000000000000 -0.000065409476
0.000000000000 0.000000000000 0.000000000000 1.000000000000

MATRIX 4
1.000000000000 -0.000000000001 0.000000215153 -0.000013371740
0.000000000000 0.999999999999 0.000001664472 0.000000192835
-0.000000215153 -0.000001664472 0.999999999999 -0.000009330233
0.000000000000 0.000000000000 0.000000000000 1.000000000000

MATRIX 5
1.000000000000 -0.000000000002 0.000000887303 -0.000012950977
-0.000000000001 0.999999999996 0.000002810924 0.000000394937
-0.000000887303 -0.000002810924 0.999999999996 0.000046749013
0.000000000000 0.000000000000 0.000000000000 1.000000000000

MATRIX 6
0.999999999998 -0.000000000000 -0.000001867875 -0.000013980274
0.000000000001 1.000000000000 0.000000300361 0.000013589135
0.000001867875 -0.000000300361 0.999999999998 -0.000060031845
0.000000000000 0.000000000000 0.000000000000 1.000000000000

MATRIX 7
0.999999999999 0.000000000000 -0.000001195722 -0.000013559502
0.000000000001 0.999999999999 0.000001446811 0.000013791244
0.000001195722 -0.000001446811 0.999999999998 -0.000003952600
0.000000000000 0.000000000000 0.000000000000 1.000000000000

MATRIX 8
1.000000000000 0.000000000000 -0.000000523570 -0.000013138735
0.000000000001 0.999999999997 0.000002593262 0.000013993345
0.000000523570 -0.000002593262 0.999999999997 0.000052126646
0.000000000000 0.000000000000 0.000000000000 1.000000000000

MATRIX 9
1.000000000000 0.000000000001 0.000000738721 -0.000000233001
-0.000000000000 1.000000000000 -0.000000928788 -0.000013800524
-0.000000738721 0.000000928788 0.999999999999 -0.000061456868
0.000000000000 0.000000000000 0.000000000000 1.000000000000

MATRIX 10
0.999999999999 0.000000000000 0.000001410874 0.000000187762
-0.000000000001 1.000000000000 0.000000217661 -0.000013598410
-0.000001410874 -0.000000217661 0.999999999999 -0.000005377626
0.000000000000 0.000000000000 0.000000000000 1.000000000000

MATRIX 11
0.999999999998 -0.000000000001 0.000002083027 0.000000608521
-0.000000000002 0.999999999999 0.000001364112 -0.000013396304
-0.000002083027 -0.000001364112 0.999999999997 0.000050701619
0.000000000000 0.000000000000 0.000000000000 1.000000000000

MATRIX 12
1.000000000000 -0.000000000000 -0.000000672155 -0.000000420767
-0.000000000000 0.999999999999 -0.000001146449 -0.000000202114
0.000000672155 0.000001146449 0.999999999999 -0.000056079243
0.000000000000 0.000000000000 0.000000000000 1.000000000000

MATRIX 13
1.000000000000 0.000000000000 0.000000000000 0.000000000000
0.000000000000 1.000000000000 0.000000000000 0.000000000000
0.000000000000 0.000000000000 1.000000000000 0.000000000000
0.000000000000 0.000000000000 0.000000000000 1.000000000000

MATRIX 14
1.000000000000 -0.000000000000 0.000000672154 0.000000420763
-0.000000000000 0.999999999999 0.000001146449 0.000000202106
-0.000000672154 -0.000001146449 0.999999999999 0.000056079246
0.000000000000 0.000000000000 0.000000000000 1.000000000000

MATRIX 15
0.999999999998 -0.000000000001 -0.000002083031 -0.000000608532
-0.000000000002 0.999999999999 -0.000001364110 0.000013396297
0.000002083031 0.000001364110 0.999999999997 -0.000050701619
0.000000000000 0.000000000000 0.000000000000 1.000000000000

MATRIX 16
0.999999999999 0.000000000000 -0.000001410874 -0.000000187760
-0.000000000001 1.000000000000 -0.000000217662 0.000013598410
0.000001410874 0.000000217662 0.999999999999 0.000005377625
0.000000000000 0.000000000000 0.000000000000 1.000000000000

MATRIX 17
1.000000000000 0.000000000001 -0.000000738718 0.000000233007
-0.000000000000 1.000000000000 0.000000928787 0.000013800516
0.000000738718 -0.000000928787 0.999999999999 0.000061456872
0.000000000000 0.000000000000 0.000000000000 1.000000000000

MATRIX 18
1.000000000000 0.000000000000 0.000000523564 0.000013138738
0.000000000001 0.999999999997 -0.000002593259 -0.000013993361
-0.000000523564 0.000002593259 0.999999999997 -0.000052126629
0.000000000000 0.000000000000 0.000000000000 1.000000000000

MATRIX 19
0.999999999999 0.000000000000 0.000001195722 0.000013559501
0.000000000001 0.999999999999 -0.000001446811 -0.000013791242
-0.000001195722 0.000001446811 0.999999999998 0.000003952613
0.000000000000 0.000000000000 0.000000000000 1.000000000000

MATRIX 20
0.999999999998 -0.000000000000 0.000001867878 0.000013980259
0.000000000001 1.000000000000 -0.000000300363 -0.000013589132
-0.000001867878 0.000000300363 0.999999999998 0.000060031858
0.000000000000 0.000000000000 0.000000000000 1.000000000000

MATRIX 21
1.000000000000 -0.000000000002 -0.000000887312 0.000012950973
-0.000000000001 0.999999999996 -0.000002810920 -0.000000394949
0.000000887312 0.000002810920 0.999999999996 -0.000046749011
0.000000000000 0.000000000000 0.000000000000 1.000000000000

MATRIX 22
1.000000000000 -0.000000000001 -0.000000215152 0.000013371741
0.000000000000 0.999999999999 -0.000001664473 -0.000000192831
0.000000215152 0.000001664473 0.999999999999 0.000009330232
0.000000000000 0.000000000000 0.000000000000 1.000000000000

MATRIX 23
1.000000000000 -0.000000000000 0.000000457006 0.000013792503
0.000000000001 1.000000000000 -0.000000518026 0.000000009279
-0.000000457006 0.000000518026 1.000000000000 0.000065409478
0.000000000000 0.000000000000 0.000000000000 1.000000000000

MATRIX 24
0.999999999997 -0.000000000003 -0.000002298187 0.000012763211
-0.000000000004 0.999999999995 -0.000003028581 0.000013203463
0.000002298187 0.000003028581 0.999999999993 -0.000041371394
0.000000000000 0.000000000000 0.000000000000 1.000000000000

MATRIX 25
0.999999999999 -0.000000000001 -0.000001626026 0.000013183982
-0.000000000002 0.999999999998 -0.000001882135 0.000013405581
0.000001626026 0.000001882135 0.999999999997 0.000014707851
0.000000000000 0.000000000000 0.000000000000 1.000000000000

MATRIX 26
0.999999999976 0.000000000022 -0.000006957125 -0.000005056191
0.000000000017 0.999999999984 0.000005731285 0.000036179204
0.000006957125 -0.000005731285 0.999999999959 0.000049462820
0.000000000000 0.000000000000 0.000000000000 1.000000000000

MATRIX 27
0.999999999978 0.000000000016 -0.000006618521 -0.000013847156
0.000000000029 0.999999999977 0.000006808090 0.000014257061
0.000006618521 -0.000006808090 0.999999999955 -0.000021318822
0.000000000000 0.000000000000 0.000000000000 1.000000000000

MATRIX 28
0.999999999974 0.000000000019 -0.000007233791 -0.000009033340
0.000000000033 0.999999999974 0.000007149214 0.000005942573
0.000007233791 -0.000007149214 0.999999999948 -0.000021313367
0.000000000000 0.000000000000 0.000000000000 1.000000000000

MATRIX 29
0.999999999981 0.000000000003 -0.000006216470 -0.000005126711
-0.000000000007 1.000000000000 -0.000000600319 0.000022221557
0.000006216470 0.000000600319 0.999999999980 0.000029065536
0.000000000000 0.000000000000 0.000000000000 1.000000000000

MATRIX 30
0.999999999977 0.000000000005 -0.000006831740 -0.000000312894
-0.000000000006 1.000000000000 -0.000000259205 0.000013907069
0.000006831740 0.000000259205 0.999999999977 0.000029070991
0.000000000000 0.000000000000 0.000000000000 1.000000000000

MATRIX 31
0.999999999972 0.000000000007 -0.000007447009 0.000004500924
-0.000000000006 1.000000000000 0.000000081909 0.000005592580
0.000007447009 -0.000000081909 0.999999999972 0.000029076445
0.000000000000 0.000000000000 0.000000000000 1.000000000000

MATRIX 32
0.999999999979 -0.000000000020 -0.000006429672 0.000008407550
-0.000000000029 0.999999999971 -0.000007667615 0.000021871610
0.000006429672 0.000007667615 0.999999999950 0.000079455379
0.000000000000 0.000000000000 0.000000000000 1.000000000000

MATRIX 33
0.999999999975 -0.000000000019 -0.000007044940 0.000013221369
-0.000000000032 0.999999999973 -0.000007326511 0.000013557120
0.000007044940 0.000007326511 0.999999999948 0.000079460832
0.000000000000 0.000000000000 0.000000000000 1.000000000000

MATRIX 34
0.999999999971 -0.000000000018 -0.000007660208 0.000018035189
-0.000000000035 0.999999999976 -0.000006985407 0.000005242630
0.000007660208 0.000006985407 0.999999999946 0.000079466286
0.000000000000 0.000000000000 0.000000000000 1.000000000000

MATRIX 35
1.000000000000 -0.000000000007 0.000000828507 -0.000018348055
0.000000000002 0.999999999977 0.000006726167 0.000008664493
-0.000000828507 -0.000006726167 0.999999999977 -0.000050395338
0.000000000000 0.000000000000 0.000000000000 1.000000000000

MATRIX 36
1.000000000000 -0.000000000006 0.000000213231 -0.000013534240
0.000000000005 0.999999999975 0.000007067291 0.000000350006
-0.000000213231 -0.000007067291 0.999999999975 -0.000050389884
0.000000000000 0.000000000000 0.000000000000 1.000000000000

MATRIX 37
1.000000000000 -0.000000000005 -0.000000402044 -0.000008720426
0.000000000008 0.999999999973 0.000007408417 -0.000007964481
0.000000402044 -0.000007408417 0.999999999972 -0.000050384431
0.000000000000 0.000000000000 0.000000000000 1.000000000000

MATRIX 38
1.000000000000 0.000000000000 0.000000615275 -0.000004813817
0.000000000000 1.000000000000 -0.000000341115 0.000008314488
-0.000000615275 0.000000341115 1.000000000000 -0.000000005452
0.000000000000 0.000000000000 0.000000000000 1.000000000000

MATRIX 39
1.000000000000 0.000000000000 0.000000000000 0.000000000000
0.000000000000 1.000000000000 0.000000000000 0.000000000000
0.000000000000 0.000000000000 1.000000000000 0.000000000000
0.000000000000 0.000000000000 0.000000000000 1.000000000000

MATRIX 40
1.000000000000 0.000000000000 -0.000000615274 0.000004813817
0.000000000000 1.000000000000 0.000000341116 -0.000008314488
0.000000615274 -0.000000341116 1.000000000000 0.000000005452
0.000000000000 0.000000000000 0.000000000000 1.000000000000

MATRIX 41
1.000000000000 -0.000000000005 0.000000402062 0.000008720423
0.000000000008 0.999999999973 -0.000007408408 0.000007964527
-0.000000402062 0.000007408408 0.999999999972 0.000050384461
0.000000000000 0.000000000000 0.000000000000 1.000000000000

MATRIX 42
1.000000000000 -0.000000000006 -0.000000213212 0.000013534242
0.000000000005 0.999999999975 -0.000007067302 -0.000000349962
0.000000213212 0.000007067302 0.999999999975 0.000050389913
0.000000000000 0.000000000000 0.000000000000 1.000000000000

MATRIX 43
1.000000000000 -0.000000000007 -0.000000828485 0.000018348060
0.000000000002 0.999999999977 -0.000006726196 -0.000008664451
0.000000828485 0.000006726196 0.999999999977 0.000050395363
0.000000000000 0.000000000000 0.000000000000 1.000000000000

MATRIX 44
0.999999999971 -0.000000000018 0.000007660270 -0.000018035115
-0.000000000035 0.999999999976 0.000006985363 -0.000005242562
-0.000007660270 -0.000006985363 0.999999999946 -0.000079466372
0.000000000000 0.000000000000 0.000000000000 1.000000000000

MATRIX 45
0.999999999975 -0.000000000019 0.000007044989 -0.000013221301
-0.000000000032 0.999999999973 0.000007326489 -0.000013557049
-0.000007044989 -0.000007326489 0.999999999948 -0.000079460921
0.000000000000 0.000000000000 0.000000000000 1.000000000000

MATRIX 46
0.999999999979 -0.000000000020 0.000006429708 -0.000008407488
-0.000000000029 0.999999999971 0.000007667616 -0.000021871535
-0.000006429708 -0.000007667616 0.999999999950 -0.000079455470
0.000000000000 0.000000000000 0.000000000000 1.000000000000

MATRIX 47
0.999999999972 0.000000000007 0.000007447026 -0.000004500898
-0.000000000006 1.000000000000 -0.000000081915 -0.000005592580
-0.000007447026 0.000000081915 0.999999999972 -0.000029076416
0.000000000000 0.000000000000 0.000000000000 1.000000000000

MATRIX 48
0.999999999977 0.000000000005 0.000006831746 0.000000312918
-0.000000000006 1.000000000000 0.000000259201 -0.000013907068
-0.000006831746 -0.000000259201 0.999999999977 -0.000029070966
0.000000000000 0.000000000000 0.000000000000 1.000000000000

MATRIX 49
0.999999999981 0.000000000003 0.000006216466 0.000005126733
-0.000000000007 1.000000000000 0.000000600318 -0.000022221555
-0.000006216466 -0.000000600318 0.999999999980 -0.000029065516
0.000000000000 0.000000000000 0.000000000000 1.000000000000

MATRIX 50
0.999999999974 0.000000000019 0.000007233801 0.000009033321
0.000000000033 0.999999999974 -0.000007149204 -0.000005942555
-0.000007233801 0.000007149204 0.999999999948 0.000021313569
0.000000000000 0.000000000000 0.000000000000 1.000000000000

MATRIX 51
0.999999999978 0.000000000016 0.000006618521 0.000013847138
0.000000000029 0.999999999977 -0.000006808098 -0.000014257043
-0.000006618521 0.000006808098 0.999999999955 0.000021319019
0.000000000000 0.000000000000 0.000000000000 1.000000000000

MATRIX 52
0.999999999982 0.000000000013 0.000006003243 0.000018660955
0.000000000026 0.999999999979 -0.000006466990 -0.000022571532
-0.000006003243 0.000006466990 0.999999999961 0.000021324467
0.000000000000 0.000000000000 0.000000000000 1.000000000000

MATRIX 53
1.000000000000 0.000000000000 0.000000000000 0.000000000000
0.000000000000 1.000000000000 0.000000000000 0.000000000000
0.000000000000 0.000000000000 1.000000000000 0.000000000000
0.000000000000 0.000000000000 0.000000000000 1.000000000000

