# Transformation matrices for sensor B (B2 relative to B1)
# Number of matrices: 54
MATRICES 54
MATRIX 0
0.999999715938 0.000000055295 -0.000753739365 -0.013242245699
-0.000001452069 0.999998282959 -0.001853125994 -0.014038573126
0.000753737968 0.001853126562 0.999997998899 -0.052161547774
0.000000000000 0.000000000000 0.000000000000 1.000000000000

MATRIX 1
0.999999997834 0.000000170516 -0.000065817980 -0.013565773236
-0.000000218171 0.999999737881 -0.000724042384 -0.013804532527
0.000065817839 0.000724042397 0.999999735715 0.003938350081
0.000000000000 0.000000000000 0.000000000000 1.000000000000

MATRIX 2
0.999999810659 -0.000000499380 0.000615371555 -0.013894028481
0.000000247738 0.999999916389 0.000408926808 -0.013578310955
-0.000615371708 -0.000408926578 0.999999727048 0.060038254865
0.000000000000 0.000000000000 0.000000000000 1.000000000000

MATRIX 3
0.999999068990 -0.000001345425 -0.001364557194 -0.013050487052
-0.000002100932 0.999996810619 -0.002525618396 -0.000416637721
0.001364556239 0.002525618911 0.999995879609 -0.046774514189
0.000000000000 0.000000000000 0.000000000000 1.000000000000

MATRIX 4
0.999999772446 -0.000000306369 -0.000674616915 -0.013372397933
-0.000000636646 0.999999023005 -0.001397851529 -0.000181082073
0.000674616685 0.001397851640 0.999998795451 0.009328270597
0.000000000000 0.000000000000 0.000000000000 1.000000000000

MATRIX 5
0.999999999963 -0.000000055083 0.000008594688 -0.013699044083
0.000000057371 0.999999964570 -0.000266196199 0.000046663504
-0.000008594673 0.000266196200 0.999999964533 0.065431058598
0.000000000000 0.000000000000 0.000000000000 1.000000000000

MATRIX 6
0.999998049057 -0.000003485923 -0.001975315377 -0.012857848209
-0.000002831344 0.999994886080 -0.003198093973 0.013206266150
0.001975316424 0.003198093326 0.999992935137 -0.041390771852
0.000000000000 0.000000000000 0.000000000000 1.000000000000

MATRIX 7
0.999999176491 -0.000001522504 -0.001283360441 -0.013178149819
-0.000001136170 0.999997854136 -0.002071646997 0.013443335248
0.001283360842 0.002071646749 0.999997030628 0.014714895515
0.000000000000 0.000000000000 0.000000000000 1.000000000000

MATRIX 8
0.999999821120 -0.000000349494 -0.000598130997 -0.013503194222
-0.000000213533 0.999999556969 -0.000941308689 0.013672603244
0.000598131061 0.000941308648 0.999999378088 0.070820562404
0.000000000000 0.000000000000 0.000000000000 1.000000000000

MATRIX 9
0.999999997139 0.000000160047 -0.000075643651 0.000132880922
-0.000000194631 0.999999895487 -0.000457194369 -0.013852230281
0.000075643570 0.000457194382 0.999999892626 -0.061493522766
0.000000000000 0.000000000000 0.000000000000 1.000000000000

MATRIX 10
0.999999814798 -0.000000370118 0.000608607350 -0.000192142285
-0.000000040052 0.999999772897 0.000673947528 -0.013621619205
-0.000608607461 -0.000673947427 0.999999587696 -0.005391855379
0.000000000000 0.000000000000 0.000000000000 1.000000000000

MATRIX 11
0.999999172941 -0.000001678957 0.001286123549 -0.000521875194
-0.000000647604 0.999998363814 0.001808968751 -0.013398834961
-0.001286124482 -0.001808968088 0.999997536756 0.050709825581
0.000000000000 0.000000000000 0.000000000000 1.000000000000

MATRIX 12
0.999999764513 -0.000000391943 -0.000686274775 0.000323401627
-0.000000383432 0.999999361741 -0.001129831075 -0.000232126614
0.000686274780 0.001129831072 0.999999126254 -0.056104560664
0.000000000000 0.000000000000 0.000000000000 1.000000000000

MATRIX 13
1.000000000000 0.000000000000 0.000000000000 0.000000000000
0.000000000000 1.000000000000 0.000000000000 0.000000000000
0.000000000000 0.000000000000 1.000000000000 0.000000000000
0.000000000000 0.000000000000 0.000000000000 1.000000000000

MATRIX 14
0.999999769111 -0.000000389409 0.000679543060 -0.000328118916
-0.000000380998 0.999999357347 0.001133713261 0.000224308739
-0.000679543065 -0.001133713259 0.999999126457 0.056104570470
0.000000000000 0.000000000000 0.000000000000 1.000000000000

MATRIX 15
0.999999159085 -0.000001684588 -0.001296852265 0.000514799170
-0.000000652936 0.999998375572 -0.001802457511 0.013388941463
0.001296853195 0.001802456842 0.999997534658 -0.050718893241
0.000000000000 0.000000000000 0.000000000000 1.000000000000

MATRIX 16
0.999999814829 -0.000000369994 -0.000608557963 0.000193011740
-0.000000040138 0.999999772902 -0.000673940417 0.013622582039
0.000608558074 0.000673940317 0.999999587731 0.005388556368
0.000000000000 0.000000000000 0.000000000000 1.000000000000

MATRIX 17
0.999999997335 0.000000160587 0.000073007775 -0.000133500510
-0.000000194058 0.999999894906 0.000458461734 0.013848413677
-0.000073007694 -0.000458461747 0.999999892241 0.061496012048
0.000000000000 0.000000000000 0.000000000000 1.000000000000

MATRIX 18
0.999999818650 -0.000000354037 0.000602245238 0.013509682453
-0.000000211363 0.999999559309 0.000938819508 -0.013662440834
-0.000602245305 -0.000938819465 0.999999377959 -0.070822205006
0.000000000000 0.000000000000 0.000000000000 1.000000000000

MATRIX 19
0.999999177184 -0.000001525634 0.001282820854 0.013183157320
-0.000001132384 0.999997853390 0.002072007026 -0.013435249551
-0.001282821262 -0.002072006774 0.999997030574 -0.014718779558
0.000000000000 0.000000000000 0.000000000000 1.000000000000

MATRIX 20
0.999998085735 -0.000003469433 0.001956658722 0.012851940542
-0.000002809640 0.999994850926 0.003209067426 -0.013215892867
-0.001956659781 -0.003209066781 0.999992936662 0.041384665980
0.000000000000 0.000000000000 0.000000000000 1.000000000000

MATRIX 21
0.999999999966 -0.000000055853 -0.000008191257 0.013698965332
0.000000058033 0.999999964609 0.000266050359 -0.000044166819
0.000008191242 -0.000266050360 0.999999964575 -0.065431308370
0.000000000000 0.000000000000 0.000000000000 1.000000000000

MATRIX 22
0.999999772584 -0.000000307094 0.000674412924 0.013374066708
-0.000000635690 0.999999022891 0.001397932948 0.000184540509
-0.000674412694 -0.001397933059 0.999998795475 -0.009324983365
0.000000000000 0.000000000000 0.000000000000 1.000000000000

MATRIX 23
0.999999088367 -0.000001333237 0.001350282409 0.013044468753
-0.000002087969 0.999996790197 0.002533691398 0.000405422221
-0.001350281453 -0.002533691907 0.999995878564 0.046781358015
0.000000000000 0.000000000000 0.000000000000 1.000000000000

MATRIX 24
0.999999808679 -0.000000499178 -0.000618580168 0.013889121692
0.000000247592 0.999999917291 -0.000406715094 0.013575067535
0.000618580319 0.000406714863 0.999999725971 -0.060043709826
0.000000000000 0.000000000000 0.000000000000 1.000000000000

MATRIX 25
0.999999997819 0.000000170498 0.000066048355 0.013565842162
-0.000000218307 0.999999738014 0.000723859424 0.013805289332
-0.000066048215 -0.000723859437 0.999999735833 -0.003934489557
0.000000000000 0.000000000000 0.000000000000 1.000000000000

MATRIX 26
0.999988172690 -0.000021610622 -0.004863539248 -0.004702787171
-0.000009034968 0.999980148600 -0.006300978053 0.019341826795
0.004863578868 0.006300947471 0.999968321329 0.131627923657
0.000000000000 0.000000000000 0.000000000000 1.000000000000

MATRIX 27
0.999985274310 -0.000026297177 -0.005426828933 -0.013143474616
-0.000018463043 0.999965986674 -0.008247736301 0.013654280367
0.005426861241 0.008247715043 0.999951260999 0.079493461466
0.000000000000 0.000000000000 0.000000000000 1.000000000000

MATRIX 28
0.999986333498 -0.000024753180 -0.005228021135 -0.008333492661
-0.000018877221 0.999965177397 -0.008345276306 0.022009430788
0.005228045654 0.008345260946 0.999951510904 0.079507286364
0.000000000000 0.000000000000 0.000000000000 1.000000000000

MATRIX 29
0.999994557209 -0.000007343059 -0.003299317917 -0.004438840815
-0.000000019615 0.999997510046 -0.002231569174 0.005580152380
0.003299326088 0.002231557092 0.999992067269 0.029047512186
0.000000000000 0.000000000000 0.000000000000 1.000000000000

MATRIX 30
0.999995183899 -0.000006936021 -0.003103567352 0.000371751039
-0.000000325195 0.999997263065 -0.002339628832 0.013935014996
0.003103575085 0.002339618573 0.999992446975 0.029064167339
0.000000000000 0.000000000000 0.000000000000 1.000000000000

MATRIX 31
0.999995770334 -0.000006509032 -0.002908482850 0.005182343956
-0.000000608973 0.999997005313 -0.002447318021 0.022289877016
0.002908490070 0.002447309441 0.999992775655 0.029080827894
0.000000000000 0.000000000000 0.000000000000 1.000000000000

MATRIX 32
0.999999554849 0.000006008718 -0.000943538763 0.009089982095
-0.000002546220 0.999993266800 0.003669652344 0.005897531931
0.000943554460 -0.003669648308 0.999992821667 -0.021341264708
0.000000000000 0.000000000000 0.000000000000 1.000000000000

MATRIX 33
0.999999717520 0.000005326514 -0.000751619061 0.013901174417
-0.000002657118 0.999993693456 0.003551484501 0.014252053673
0.000751633238 -0.003551481501 0.999993410992 -0.021321835571
0.000000000000 0.000000000000 0.000000000000 1.000000000000

MATRIX 34
0.999999842991 0.000004670169 -0.000560353818 0.018712366723
-0.000002746047 0.999994104779 0.003433715173 0.022606575437
0.000560366551 -0.003433713095 0.999993947784 -0.021302410660
0.000000000000 0.000000000000 0.000000000000 1.000000000000

MATRIX 35
0.999996788269 -0.000004626296 -0.002534448728 -0.018339198960
-0.000010067365 0.999983194113 -0.005797533134 -0.008653556322
0.002534432955 0.005797540029 0.999979982389 0.050439357363
0.000000000000 0.000000000000 0.000000000000 1.000000000000

MATRIX 36
0.999997261064 -0.000003565958 -0.002340480922 -0.013528846297
-0.000010241280 0.999982599056 -0.005899277976 -0.000298575377
0.002340461232 0.005899285788 0.999979860131 0.050454742447
0.000000000000 0.000000000000 0.000000000000 1.000000000000

MATRIX 37
0.999997694811 -0.000002489605 -0.002147176429 -0.008718492147
-0.000010394959 0.999981995770 -0.006000669027 0.008056404818
0.002147152710 0.006000677515 0.999979690596 0.050470137283
0.000000000000 0.000000000000 0.000000000000 1.000000000000

MATRIX 38
0.999999981917 0.000000010983 -0.000190173795 -0.004810942933
0.000000010298 0.999999993739 0.000111899332 -0.008354670456
0.000190173795 -0.000111899332 0.999999975656 -0.000018272943
0.000000000000 0.000000000000 0.000000000000 1.000000000000

MATRIX 39
1.000000000000 0.000000000000 0.000000000000 0.000000000000
0.000000000000 1.000000000000 0.000000000000 0.000000000000
0.000000000000 0.000000000000 1.000000000000 0.000000000000
0.000000000000 0.000000000000 0.000000000000 1.000000000000

MATRIX 40
0.999999982041 0.000000010909 0.000189522023 0.004810943343
0.000000010226 0.999999993782 -0.000111517212 0.008354670215
-0.000189522023 0.000111517212 0.999999975823 0.000018272733
0.000000000000 0.000000000000 0.000000000000 1.000000000000

MATRIX 41
0.999997618259 -0.000002574682 0.002182537359 0.008731745092
-0.000010528998 0.999981976725 0.006003841559 -0.008019660546
-0.002182513480 -0.006003850240 0.999979595000 -0.050432594637
0.000000000000 0.000000000000 0.000000000000 1.000000000000

MATRIX 42
0.999997194330 -0.000003622658 0.002368822110 0.013543266122
-0.000010310512 0.999982701664 0.005881859052 0.000334648145
-0.002368802441 -0.005881866973 0.999979896006 -0.050411505533
0.000000000000 0.000000000000 0.000000000000 1.000000000000

MATRIX 43
0.999996737333 -0.000004643063 0.002554466994 0.018354786477
-0.000010071508 0.999983409361 0.005760286592 0.008688957234
-0.002554451359 -0.005760293526 0.999980146701 -0.050390426368
0.000000000000 0.000000000000 0.000000000000 1.000000000000

MATRIX 44
0.999999838931 0.000004693952 0.000567552310 -0.018713820819
-0.000002736057 0.999994049873 -0.003449668133 -0.022597700677
-0.000567565125 0.003449666025 0.999993888818 0.021356059653
0.000000000000 0.000000000000 0.000000000000 1.000000000000

MATRIX 45
0.999999714251 0.000005325545 0.000755956303 -0.013903116632
-0.000002637886 0.999993680017 -0.003555266350 -0.014242898149
-0.000755970459 0.003555263340 0.999993394284 0.021373091861
0.000000000000 0.000000000000 0.000000000000 1.000000000000

MATRIX 46
0.999999554686 0.000005975153 0.000943711382 -0.009092411652
-0.000002520659 0.999993300348 -0.003660499064 -0.005888096085
-0.000943726932 0.003660495056 0.999992855052 0.021390128122
0.000000000000 0.000000000000 0.000000000000 1.000000000000

MATRIX 47
0.999995710991 -0.000006546581 0.002928814873 -0.005171997488
-0.000000630943 0.999996997152 0.002450650369 -0.022281195266
-0.002928822122 -0.002450641706 0.999992708152 -0.029127108319
0.000000000000 0.000000000000 0.000000000000 1.000000000000

MATRIX 48
0.999995153439 -0.000006934247 0.003113366434 -0.000360724612
-0.000000335242 0.999997274066 0.002334921965 -0.013926724068
-0.003113374138 -0.002334911692 0.999992427516 -0.029107145845
0.000000000000 0.000000000000 0.000000000000 1.000000000000

MATRIX 49
0.999994563928 -0.000007298250 0.003297280775 0.004450548075
-0.000000020370 0.999997536713 0.002219587289 -0.005572252758
-0.003297288852 -0.002219575291 0.999992100655 -0.029087189406
0.000000000000 0.000000000000 0.000000000000 1.000000000000

MATRIX 50
0.999985858158 -0.000025095922 0.005318162640 0.008384476836
-0.000019221745 0.999965279337 0.008333051747 -0.021928799231
-0.005318187115 -0.008333036127 0.999951137504 -0.079567018605
0.000000000000 0.000000000000 0.000000000000 1.000000000000

MATRIX 51
0.999984881309 -0.000026468086 0.005498768245 0.013196305619
-0.000018662943 0.999966319648 0.008207266348 -0.013574709968
-0.005498800275 -0.008207244888 0.999951200973 -0.079544197693
0.000000000000 0.000000000000 0.000000000000 1.000000000000

MATRIX 52
0.999983875389 -0.000027811141 0.005678748788 0.018008133185
-0.000018085153 0.999967340729 0.008081902466 -0.005220619922
-0.005678788091 -0.008081874850 0.999951216142 -0.079521392704
0.000000000000 0.000000000000 0.000000000000 1.000000000000

MATRIX 53
1.000000000000 0.000000000000 0.000000000000 0.000000000000
0.000000000000 1.000000000000 0.000000000000 0.000000000000
0.000000000000 0.000000000000 1.000000000000 0.000000000000
0.000000000000 0.000000000000 0.000000000000 1.000000000000

